173923	4301	1
268806	12462	1
173922	4300	0
175714	3831	1
175380	3545	0
175357	3529	1
175358	3530	1
175429	3572	1
175361	3531	1
175415	3565	0
175376	3542	0
175682	3803	1
175644	3769	0
175672	3795	1
175671	3794	1
273308	13108	1
175445	3586	1
175458	3599	1
175674	3797	1
273312	13112	1
175657	3781	0
175500	3640	0
186993	9933	1
187002	9942	1
186971	9913	1
173975	4347	0
173986	4355	0
186956	9899	0
173964	4336	1
186994	9934	1
186981	9922	1
186950	9893	0
186974	9916	1
187029	9961	0
186973	9915	1
186989	9930	0
186995	9935	0
187004	9944	0
173965	4337	1
186998	9938	0
186991	9932	1
186990	9931	1
186958	9901	0
186975	9917	1
186984	9925	0
186967	9909	0
173937	4313	1
186987	9928	1
187027	9959	0
187001	9941	1
186955	9898	1
186972	9914	0
175611	3741	0
274152	13824	0
274228	13884	0
274149	13821	0
274150	13822	0
274153	13825	0
274196	13852	0
274229	13885	0
274197	13853	0
274214	13870	0
186522	10983	1
187454	10307	1
186475	10944	0
186511	10974	0
187451	10304	1
186546	11002	0
186463	10935	0
186523	10984	1
187448	10301	0
274227	13883	0
274211	13867	1
274212	13868	0
273340	13134	1
274213	13869	1
273320	13118	1
184839	8382	0
184840	8383	1
188963	11573	1
188965	11575	0
189010	11610	0
184241	7856	0
184242	7857	1
184245	7859	1
184251	7864	0
184252	7865	0
184255	7868	1
184258	7871	1
184292	7904	1
187298	10195	0
187305	10201	1
184243	7858	1
184270	7882	0
184284	7896	1
184303	7915	0
184306	7918	0
187279	10176	0
184298	7910	0
184299	7911	0
187291	10188	1
184294	7906	0
273272	13079	0
273274	13080	0
273746	13487	0
273292	13096	0
273749	13490	0
273262	13070	1
182584	7389	1
182601	7405	1
182556	7363	0
182621	7423	0
182439	7253	0
182539	7346	0
182614	7417	0
182620	7422	0
273241	13053	1
182579	7384	1
182592	7396	0
182619	7421	0
182616	7419	0
182613	7416	0
182628	7430	0
182433	7248	0
182618	7420	1
182580	7385	1
273277	13082	0
187496	10344	0
187494	10343	0
273286	13090	0
273733	13475	0
273303	13105	1
182529	7337	0
182443	7257	0
273229	13043	0
182589	7393	0
273724	13466	0
182446	7259	0
182533	7340	1
187493	10342	1
182590	7394	1
182625	7427	1
182591	7395	1
182596	7400	1
182494	7304	1
273296	13100	0
182434	7249	0
182602	7406	0
187502	10349	0
182496	7306	0
273747	13488	0
182597	7401	1
182448	7261	1
187503	10350	1
182593	7397	1
182607	7410	1
182600	7404	0
182497	7307	1
182604	7408	1
182462	7273	1
182467	7278	0
182629	7431	1
273729	13471	0
182630	7432	0
182610	7413	1
273745	13486	1
182611	7414	1
273284	13088	1
182627	7429	0
182631	7433	0
182460	7272	0
182609	7412	0
182603	7407	0
182626	7428	1
187498	10346	1
187499	10347	1
182568	7373	1
273289	13093	0
182633	7435	1
182635	7437	0
182634	7436	1
182480	7290	1
273288	13092	0
182636	7438	0
182637	7439	1
273738	13480	0
273748	13489	0
182478	7288	0
182638	7440	0
273291	13095	0
273825	13554	1
182555	7362	1
273741	13483	1
182470	7281	0
182481	7291	0
182473	7283	1
182468	7279	0
273295	13099	1
182476	7286	0
273731	13473	0
182475	7285	1
182512	7321	0
273238	13050	1
273239	13051	1
273260	13068	1
273231	13045	0
273726	13468	1
182547	7354	0
182577	7382	0
182578	7383	0
187500	10348	0
273265	13073	0
182435	7250	0
182436	7251	0
182581	7386	0
273294	13098	1
273233	13046	0
273242	13054	1
273287	13091	1
273301	13103	0
273742	13484	1
182550	7357	0
182551	7358	0
182516	7325	1
182498	7308	1
273823	13552	0
182517	7326	1
182485	7295	0
187491	10340	1
273261	13069	0
182553	7360	0
273268	13075	1
273727	13469	0
273827	13555	0
273828	13556	1
182561	7366	0
273279	13084	0
273285	13089	0
182564	7369	1
185465	8947	1
185483	8965	1
185491	8972	0
185503	8983	0
185476	8958	1
185445	8927	1
185487	8968	1
185468	8950	1
185517	8996	1
185498	8978	0
185446	8928	0
185494	8975	0
185515	8995	0
185484	8966	0
185478	8960	0
185448	8930	0
185486	8967	1
185469	8951	1
185458	8940	0
185496	8977	0
185506	8986	0
185507	8987	1
185519	8998	1
185500	8980	0
185510	8990	1
185514	8994	0
273915	13621	0
273999	13697	0
273937	13640	1
273997	13696	0
274009	13706	0
274010	13707	0
274011	13708	1
274117	13798	0
274118	13799	1
274033	13730	1
273929	13632	0
274145	13819	1
274119	13800	1
273916	13622	1
273926	13629	1
273940	13642	0
274142	13817	1
273928	13631	0
274000	13698	0
274035	13732	0
185461	8943	0
273941	13643	0
273942	13644	1
274037	13733	1
185447	8929	0
185480	8962	1
185532	9009	0
185501	8981	1
185527	9005	0
185529	9007	0
185502	8982	0
185513	8993	1
185525	9004	1
185528	9006	0
185530	9008	0
185454	8936	1
185464	8946	1
185482	8964	1
185473	8955	1
185481	8963	1
185450	8932	1
185504	8984	0
273918	13624	0
185444	8926	0
185492	8973	0
185449	8931	1
185459	8941	0
185495	8976	0
185466	8948	1
185470	8952	0
185475	8957	1
185460	8942	1
185457	8939	0
185479	8961	1
185493	8974	0
185455	8937	1
185490	8971	0
185512	8992	1
185463	8945	0
185489	8970	0
185524	9003	1
185523	9002	0
185472	8954	0
185511	8991	1
275805	15211	1
185462	8944	1
185453	8935	0
172727	2733	1
172740	2746	0
172738	2744	1
172667	2676	1
172686	2693	1
172685	2692	1
172758	2762	1
274941	14475	1
172722	2728	0
172759	2763	0
275079	14590	0
172809	2810	0
172797	2799	1
172678	2686	0
273521	13282	1
272773	12663	1
273154	12983	1
273614	13363	0
273694	13438	1
173810	4194	0
173868	4249	1
173891	4272	1
173809	4193	1
173821	4205	1
173845	4226	1
173698	4084	1
173564	3951	1
173631	4017	1
273764	13503	1
274312	13935	0
272643	12547	0
173746	4132	1
173756	4140	1
173716	4102	0
173744	4130	1
173781	4165	0
173735	4121	0
173757	4141	1
173722	4108	0
173727	4113	0
173721	4107	1
173730	4116	1
173733	4119	0
173789	4173	0
173742	4128	1
173736	4122	0
173741	4127	1
173745	4131	1
173749	4135	0
173754	4139	0
173759	4143	0
173761	4145	0
173763	4147	0
173780	4164	0
173769	4153	1
173772	4156	1
173782	4166	1
173798	4182	0
173799	4183	1
173800	4184	0
173790	4174	1
173796	4180	1
273563	13317	1
272767	12657	0
273772	13511	0
273878	13591	0
272682	12578	1
273619	13367	1
272755	12646	0
273057	12897	1
273518	13279	1
272725	12618	0
272762	12652	0
273512	13273	1
274167	13833	0
273124	12956	0
274179	13841	1
274191	13849	1
274251	13897	0
184703	8276	0
184711	8284	1
184726	8297	1
184735	8304	1
184741	8310	0
184755	8321	0
184704	8277	0
184712	8285	0
184720	8291	1
184727	8298	1
184739	8308	0
184749	8316	1
184756	8322	1
184705	8278	0
184713	8286	1
184736	8305	1
184743	8311	1
184757	8323	1
184706	8279	0
184730	8299	0
184714	8287	1
184721	8292	0
273699	13443	0
184737	8306	1
184744	8312	0
184750	8317	0
272674	12570	0
184758	8324	0
272761	12651	0
184707	8280	0
273534	13294	0
184715	8288	0
184722	8293	0
184747	8315	0
184731	8300	1
273623	13371	1
184738	8307	1
184745	8313	0
184751	8318	1
272764	12654	0
272983	12839	0
184702	8275	1
184710	8283	0
184759	8325	0
184708	8281	0
184716	8289	0
184723	8294	0
184732	8301	1
273517	13278	1
273701	13445	1
274263	13905	1
273565	13319	1
273627	13375	0
184753	8320	0
272729	12622	0
184718	8290	0
184733	8302	0
273698	13442	1
273061	12901	1
272920	12780	0
184746	8314	1
184724	8295	1
272675	12571	1
272993	12849	0
184752	8319	1
184760	8326	1
273529	13290	0
273695	13439	1
273612	13361	1
273620	13368	0
273618	13366	1
272978	12834	1
273526	13287	0
274275	13912	0
273533	13293	0
273839	13564	0
272971	12827	1
272918	12778	1
273065	12905	0
274311	13934	1
272728	12621	1
272748	12639	1
272726	12619	1
273118	12951	0
273516	13277	1
274168	13834	0
274180	13842	1
274192	13850	1
274252	13898	0
274264	13906	1
184725	8296	0
184709	8282	1
184734	8303	0
184740	8309	1
173478	3879	1
173490	3889	0
173502	3898	0
173714	4100	1
173493	3891	0
173505	3901	0
173495	3893	0
173584	3971	0
173525	3917	1
173612	3998	0
173675	4061	1
173687	4073	0
173673	4059	0
173581	3968	1
173807	4191	0
173615	4001	0
174011	4367	0
173640	4026	0
272681	12577	1
173431	3839	0
173443	3850	0
273874	13587	1
173494	3892	0
272766	12656	0
273880	13593	1
173524	3916	1
173546	3935	1
173537	3927	1
173648	4034	1
173864	4245	1
173876	4257	0
173526	3918	1
173608	3995	1
174046	4401	0
173556	3944	1
173568	3955	1
173441	3848	0
174029	4384	1
173435	3843	0
173472	3874	1
173603	3990	1
173453	3858	1
173465	3869	0
173470	3872	0
173818	4202	1
173626	4012	1
173668	4054	1
173690	4076	1
173531	3922	1
173484	3884	1
273879	13592	1
173616	4002	0
173619	4005	1
173463	3867	1
173768	4152	1
173481	3881	0
173528	3920	1
174022	4377	1
174034	4389	0
173792	4176	1
173777	4161	1
174006	4362	1
173767	4151	0
173731	4117	0
174084	4439	1
174056	4411	1
173747	4133	1
173720	4106	1
174085	4440	1
174096	4451	0
273058	12898	1
174020	4375	0
173753	4138	1
173791	4175	0
173711	4097	1
173797	4181	0
173748	4134	1
173771	4155	0
173773	4157	0
173784	4168	1
273059	12899	0
273608	13357	1
173786	4170	1
174033	4388	1
173758	4142	1
173794	4178	1
173795	4179	1
174030	4385	1
174051	4406	1
174087	4442	1
174012	4368	1
174054	4409	1
174086	4441	0
174097	4452	0
174052	4407	0
174057	4412	1
174071	4426	1
174065	4420	1
174077	4432	0
174093	4448	0
174035	4390	1
174015	4370	0
174076	4431	1
174013	4369	0
174041	4396	1
174053	4408	1
174026	4381	0
174021	4376	1
174045	4400	1
174063	4418	1
174047	4402	1
272638	12542	1
273865	13578	1
273611	13360	0
174072	4427	1
174068	4423	0
272992	12848	1
174023	4378	1
273859	13572	0
272730	12623	0
272975	12831	0
272749	12640	1
273119	12952	1
272647	12551	0
272914	12774	0
273156	12985	0
273543	13303	0
272874	12738	0
272984	12840	0
273569	13323	1
272771	12661	1
272683	12579	1
273530	13291	1
272640	12544	0
273846	13570	1
273564	13318	1
273697	13441	0
273062	12902	1
273622	13370	1
272747	12638	1
273524	13285	1
273561	13315	1
272871	12735	1
273541	13301	1
274164	13830	0
274307	13931	0
274178	13840	0
273523	13284	1
272648	12552	1
273121	12954	0
273696	13440	0
272981	12837	0
274176	13838	1
273536	13296	1
273115	12948	1
272645	12549	0
273159	12988	1
272677	12573	0
273056	12896	0
273128	12960	0
273863	13576	0
274274	13911	1
274259	13901	1
274175	13837	1
274272	13910	1
274296	13926	1
274188	13846	1
274297	13927	0
274260	13902	1
274247	13893	0
274190	13848	1
274250	13896	0
274271	13909	1
173580	3967	1
173604	3991	0
173536	3926	1
173533	3924	0
173545	3934	1
173854	4235	1
173432	3840	0
173805	4189	0
173817	4201	0
173829	4213	0
173622	4008	0
173639	4025	1
173887	4268	0
174095	4450	1
173617	4003	0
173679	4065	1
173677	4063	1
173480	3880	1
273870	13583	0
173594	3981	1
173853	4234	0
173878	4259	0
173625	4011	0
173552	3941	1
173889	4270	1
273621	13369	0
173674	4060	0
173439	3847	0
173489	3888	0
173599	3986	0
273055	12895	1
173649	4035	0
173593	3980	0
173451	3857	1
273066	12906	1
173476	3878	0
173517	3911	0
174079	4434	1
273127	12959	0
173710	4096	1
272921	12781	0
272869	12733	1
272759	12649	1
273546	13306	0
273768	13507	1
272768	12658	0
272873	12737	1
272772	12662	0
273133	12965	0
273514	13275	1
273873	13586	1
272977	12833	1
272866	12730	0
273868	13581	0
273519	13280	1
273544	13304	0
272985	12841	0
273117	12950	0
272979	12835	0
273542	13302	1
272919	12779	1
272639	12543	0
273522	13283	1
273136	12968	0
185535	9012	1
268876	12515	1
268885	12522	1
268817	12469	1
273908	13618	1
274136	13813	0
268842	12490	1
185605	9066	1
274137	13814	0
273922	13626	0
273934	13637	1
274006	13703	1
185557	9029	1
185579	9046	1
185584	9049	1
185586	9051	1
185587	9052	0
268847	12494	1
274031	13728	0
268848	12495	1
185614	9075	0
185617	9078	0
185635	9095	1
273924	13628	0
273936	13639	1
185623	9083	0
268850	12496	1
185636	9096	1
273996	13695	0
185628	9088	0
274008	13705	0
268866	12508	1
186164	9544	1
186098	9479	1
272783	12670	0
186111	9492	0
186099	9480	0
186096	9477	1
172769	2773	1
172799	2801	1
170150	639	0
170237	723	1
169813	310	0
170378	855	0
170231	717	1
170238	724	1
169988	478	1
169799	297	1
169606	110	0
170589	1036	0
169878	374	1
170386	863	0
170659	1103	0
274539	14111	1
274587	14157	0
170463	914	0
169921	414	0
169895	389	1
169904	398	1
169794	292	0
170595	1042	1
170361	839	1
170397	873	1
169772	270	0
170670	1114	0
170600	1047	1
170130	619	0
184480	8071	0
184522	8106	1
184488	8075	0
173981	4350	0
184486	8074	1
173966	4338	1
173987	4356	1
173956	4329	0
186369	10894	1
173982	4351	1
173976	4348	0
184534	8116	0
184523	8107	0
184531	8113	0
184481	8072	0
184922	8461	1
184937	8476	1
184925	8464	1
184939	8478	1
184514	8098	0
184535	8117	0
184945	8484	0
184491	8078	0
186373	10897	0
184504	8089	1
186368	10893	1
184933	8472	1
184496	8083	0
184515	8099	1
184946	8485	0
184516	8100	1
184947	8486	0
184474	8066	1
186367	10892	1
184479	8070	0
184492	8079	0
184497	8084	0
186372	10896	1
184505	8090	1
176525	6146	0
176526	6147	0
176535	6156	1
176536	6157	0
176537	6158	0
176562	6182	1
176563	6183	1
176564	6184	1
176538	6159	1
176539	6160	1
176540	6161	1
176541	6162	1
176542	6163	1
176565	6185	1
176543	6164	0
176527	6148	1
176513	6135	0
176514	6136	1
176528	6149	0
176544	6165	0
176545	6166	1
176546	6167	1
176547	6168	1
176548	6169	1
176549	6170	1
176529	6150	1
176530	6151	1
176550	6171	1
176551	6172	1
176531	6152	1
176553	6174	1
268891	12527	1
268902	12538	0
267859	11685	0
176712	6308	1
176578	6198	0
176579	6199	1
176580	6200	1
176238	5897	1
176230	5890	0
187130	10043	1
267868	11694	1
176242	5901	1
267870	11696	0
187145	10057	0
176670	6275	0
176244	5903	1
176251	5910	1
176252	5911	1
176585	6205	1
176715	6311	1
176260	5919	1
176262	5921	0
176267	5926	1
186485	10953	0
176718	6313	1
176289	5944	1
176568	6188	1
176554	6175	0
176516	6138	1
176673	6278	0
176721	6315	0
187153	10064	1
176310	5951	0
176597	6210	1
187174	10084	1
176367	6004	0
176604	6216	1
176606	6218	1
176723	6316	1
176612	6223	1
267922	11745	0
176213	5875	1
187147	10059	0
176336	5976	0
176625	6236	1
176626	6237	1
176724	6317	0
176337	5977	1
176338	5978	1
176339	5979	1
176340	5980	1
176341	5981	1
176342	5982	1
176683	6285	0
176215	5876	1
176725	6318	0
176629	6240	0
176726	6319	1
176633	6243	0
176639	6249	1
176382	6019	0
176641	6251	1
176518	6140	1
176384	6021	1
176700	6301	0
176738	6329	0
268230	12032	0
268231	12033	0
268268	12067	1
187166	10076	0
187167	10077	0
176739	6330	0
176648	6258	1
187178	10088	1
186461	10934	1
176397	6033	1
176521	6142	1
186544	11000	0
176534	6155	1
186482	10950	1
176649	6259	1
176650	6260	1
176651	6261	1
187149	10060	0
186494	10961	1
267999	11817	0
187138	10051	1
176224	5884	1
187180	10090	1
176628	6239	1
268015	11831	1
268034	11850	1
268037	11853	1
268043	11858	1
268062	11877	1
268070	11884	0
268077	11891	1
268084	11898	1
268091	11904	0
268094	11907	0
268103	11914	0
268107	11918	1
268116	11926	0
176460	6089	0
176461	6090	1
176463	6091	1
176464	6092	1
176465	6093	1
176512	6134	0
176480	6106	1
268194	11997	0
176492	6116	0
176236	5895	1
176493	6117	1
176237	5896	1
176495	6118	1
176496	6119	1
176497	6120	0
176576	6196	1
187182	10091	1
176662	6267	1
176663	6268	1
176714	6310	1
176498	6121	1
176665	6270	1
176666	6271	1
187152	10063	0
176515	6137	1
176272	5930	0
176719	6314	1
176602	6214	1
176235	5894	1
176616	6227	1
176740	6331	0
176127	5797	1
186856	9818	1
175734	5429	0
186855	9817	0
186526	10987	1
186846	9808	0
175060	5350	0
186513	10976	0
186834	9798	0
186848	9810	1
186849	9811	1
175058	5348	1
186853	9815	1
175750	5444	0
186831	9795	1
175736	5431	1
175042	5334	0
175061	5351	1
186852	9814	1
186465	10937	1
186477	10946	0
175033	5325	0
176139	5809	1
186842	9804	0
186836	9800	0
176093	5765	1
175749	5443	1
176120	5790	1
186850	9812	0
176187	5853	1
176109	5780	0
176123	5793	1
175753	5447	0
176121	5791	0
186547	11003	1
174797	5101	0
186843	9805	0
176116	5786	1
175040	5332	0
175830	5519	1
175744	5438	0
176119	5789	1
176133	5803	0
176086	5759	0
176129	5799	1
175048	5340	1
176143	5813	1
174769	5073	0
176118	5788	1
176131	5801	1
175051	5342	0
174760	5064	1
176126	5796	0
186868	9830	0
186866	9828	0
175055	5345	0
175010	5304	0
174770	5074	0
174775	5079	0
174786	5090	1
174740	5045	1
175081	5361	1
174771	5075	1
175089	5369	1
175090	5370	0
174767	5071	1
174777	5081	1
174751	5056	0
174755	5060	0
174768	5072	0
174780	5084	1
175102	5380	0
186832	9796	1
186525	10986	0
186844	9806	1
176124	5794	1
176136	5806	0
176138	5808	0
186490	10958	0
186549	11005	0
186551	11006	1
186478	10947	0
186828	9794	0
186476	10945	1
186500	10966	0
186464	10936	0
175049	5341	0
175741	5436	0
175745	5439	0
186467	10939	1
175044	5336	1
175742	5437	1
175038	5330	0
186833	9797	1
186858	9820	1
186488	10956	1
186536	10995	1
186524	10985	1
186489	10957	1
186835	9799	0
186466	10938	1
273201	13021	0
175045	5337	1
175838	5526	0
176134	5804	0
175047	5339	0
176125	5795	1
186468	10940	0
175754	5448	0
186514	10977	1
272930	12790	0
175737	5432	0
176128	5798	0
175732	5427	0
175738	5433	1
186865	9827	1
186502	10968	1
273345	13137	0
176122	5792	0
186527	10988	0
186854	9816	0
186504	10969	0
186814	9780	0
186492	10959	1
176130	5800	1
186480	10948	0
176132	5802	1
186805	9773	1
176140	5810	1
186845	9807	1
176094	5766	1
176189	5855	1
175748	5442	1
175043	5335	0
186840	9803	1
186501	10967	0
175053	5343	1
186537	10996	1
175751	5445	1
186807	9774	1
175014	5307	1
186867	9829	0
175747	5441	1
175752	5446	0
175740	5435	0
186869	9831	0
175018	5310	0
174803	5107	1
273321	13119	1
273334	13129	0
273325	13123	1
273002	12855	0
273099	12935	0
273330	13126	1
273203	13023	0
273804	13539	1
273808	13543	0
176195	5860	1
175756	5450	0
176137	5807	1
186859	9821	1
176190	5856	1
174844	5144	1
175757	5451	1
186811	9777	0
186813	9779	0
186820	9786	1
186548	11004	0
176142	5812	1
176141	5811	0
186802	9772	1
176117	5787	1
176088	5760	0
272804	12688	0
272807	12691	0
273031	12878	0
272808	12692	0
275505	14967	1
272809	12693	0
272810	12694	0
272811	12695	0
272812	12696	0
272815	12699	0
273328	13124	1
273139	12971	0
272900	12760	0
272901	12761	0
186863	9825	0
275817	15218	1
186861	9823	0
186862	9824	1
175056	5346	1
175059	5349	0
186857	9819	1
175039	5331	0
175735	5430	1
186860	9822	0
175046	5338	1
186512	10975	1
272717	12611	1
273335	13130	1
273336	13131	0
272667	12566	0
174807	5110	0
175107	5384	0
174763	5067	0
273075	12915	1
272734	12628	1
175103	5381	0
174804	5108	0
174810	5113	0
174815	5118	1
273074	12914	0
272668	12567	0
273322	13120	1
273323	13121	1
272820	12700	1
272829	12705	0
273324	13122	1
273337	13132	0
273329	13125	1
273338	13133	1
273331	13127	1
273150	12980	1
273332	13128	1
273368	13158	1
273373	13162	1
273382	13167	0
274679	14243	0
275385	14861	0
275353	14831	0
275565	15016	0
188481	11176	0
275009	14533	0
275011	14535	0
275012	14536	0
275215	14710	0
188492	11187	0
188515	11210	0
188475	11170	0
188494	11189	1
188495	11190	0
275013	14537	0
275018	14541	1
275019	14542	1
275021	14544	0
275211	14706	0
274571	14141	1
188476	11171	1
188468	11164	1
275014	14538	1
275410	14883	0
188503	11198	1
275008	14532	1
275273	14761	0
275408	14881	0
274928	14463	0
275354	14832	1
275403	14877	0
275404	14878	0
275405	14879	1
275412	14885	0
274976	14501	0
275411	14884	0
275356	14834	0
275389	14865	0
275396	14870	0
275413	14886	0
274935	14470	0
275393	14869	1
274933	14468	0
274932	14467	1
274992	14517	1
274993	14518	0
274994	14519	0
274995	14520	0
275414	14887	0
275402	14876	1
274981	14506	0
274990	14515	0
274987	14512	0
275001	14526	0
275000	14525	1
275006	14530	1
275269	14757	1
274792	14341	0
274793	14342	0
188486	11181	1
275390	14866	1
274667	14232	0
274685	14249	1
275205	14700	0
274663	14228	1
274673	14238	0
274672	14237	1
275213	14708	0
188487	11182	1
274128	13808	1
275417	14890	0
274678	14242	0
274934	14469	0
275347	14825	1
274982	14507	0
274683	14247	1
274975	14500	0
274979	14504	0
274983	14508	0
274996	14521	0
275003	14528	0
275216	14711	1
275570	15020	0
274780	14331	0
275272	14760	1
274684	14248	1
274779	14330	0
275348	14826	0
274777	14328	0
275563	15014	1
274680	14244	0
274682	14246	1
188526	11221	0
274771	14322	1
274821	14370	0
274788	14337	0
274790	14339	0
274929	14464	0
274774	14325	1
274789	14338	0
274775	14326	0
274781	14332	0
274783	14333	0
275568	15018	0
274814	14363	0
274931	14466	0
274809	14358	0
274985	14510	0
275271	14759	1
275569	15019	0
274826	14375	0
274816	14365	0
274817	14366	1
274819	14368	0
274820	14369	1
274824	14373	0
275265	14753	1
275218	14713	1
274823	14372	1
274825	14374	1
275203	14698	0
275267	14755	0
275284	14772	0
275401	14875	1
275277	14765	0
275278	14766	0
275279	14767	0
275283	14771	0
275349	14827	0
275350	14828	0
274927	14462	0
274977	14502	0
275280	14768	0
186383	10905	1
184420	8019	1
184387	7989	0
186378	10902	0
184440	8038	1
268307	12100	0
268297	12093	0
268306	12099	1
268299	12094	1
268326	12114	1
268288	12085	0
184952	8491	0
184539	8120	1
184993	8528	0
185002	8537	1
185014	8548	1
184553	8134	0
184992	8527	1
185000	8535	1
187570	10405	1
188021	10804	1
188012	10795	1
188111	10886	1
187795	10605	0
187849	10654	0
187807	10614	1
187796	10606	1
187840	10647	0
187841	10648	0
187834	10641	0
188056	10837	0
187869	10670	0
187816	10623	1
187754	10569	1
187775	10587	1
187709	10527	1
187913	10707	0
187621	10446	1
187544	10381	1
187532	10369	1
188041	10823	1
188007	10790	0
187967	10754	1
187964	10751	0
187978	10765	0
188025	10807	0
188037	10819	0
187976	10763	1
188009	10792	0
187996	10780	1
188048	10830	0
188036	10818	1
188027	10809	1
188046	10828	0
188018	10801	0
187966	10753	0
188016	10799	1
188002	10785	0
188026	10808	0
187991	10776	1
187965	10752	0
188004	10787	0
187985	10770	0
187994	10778	0
187998	10782	0
188040	10822	0
188034	10816	1
187990	10775	0
188013	10796	0
188015	10798	1
188035	10817	1
188005	10788	1
188006	10789	1
187968	10755	1
188038	10820	1
187970	10757	0
187972	10759	0
188029	10811	1
188030	10812	0
188017	10800	1
188028	10810	0
187969	10756	1
188039	10821	0
187983	10768	1
188008	10791	0
187971	10758	1
188051	10832	1
188010	10793	1
187997	10781	1
188020	10803	1
187992	10777	1
171212	1597	0
171219	1603	1
171231	1615	0
170946	1368	0
170775	1210	0
170971	1391	0
171099	1507	1
171179	1568	1
171228	1612	0
171251	1635	0
171269	1653	1
170795	1229	0
170995	1412	0
170761	1197	1
171196	1583	1
170739	1178	1
170792	1226	1
170804	1237	1
170745	1184	0
170816	1249	0
171131	1524	0
170828	1260	0
170763	1199	0
171229	1613	1
170914	1340	0
170811	1244	1
170807	1240	1
171252	1636	1
171273	1657	1
171289	1671	0
171039	1451	1
171141	1532	0
171195	1582	1
171234	1618	1
171274	1658	1
171296	1677	0
170817	1250	0
171041	1453	1
171143	1534	1
171198	1585	0
171237	1621	1
171253	1637	0
171275	1659	1
171297	1678	0
170820	1252	0
170827	1259	1
171067	1477	0
171158	1549	0
171202	1589	1
171015	1427	1
171238	1622	1
171261	1645	0
171276	1660	1
170933	1356	1
170880	1310	0
171298	1679	1
171207	1592	0
171239	1623	1
171262	1646	0
171277	1661	1
170886	1316	0
171085	1494	1
171161	1551	0
171208	1593	0
171240	1624	0
171263	1647	1
171284	1667	1
171300	1681	1
170889	1318	1
171091	1500	0
171174	1563	0
171225	1609	0
171241	1625	1
171264	1648	0
170750	1188	1
171285	1668	1
170901	1329	1
171226	1610	1
171249	1633	0
171265	1649	0
171286	1669	0
171307	1688	1
170926	1350	1
171097	1506	1
171175	1564	1
171227	1611	1
171287	1670	1
170956	1378	1
171320	1694	0
171356	1717	0
171323	1695	0
170885	1315	0
170949	1371	1
171106	1514	1
170964	1385	0
171107	1515	1
171380	1733	1
183978	7611	0
184070	7696	0
184089	7712	1
172195	2309	0
184013	7643	1
184015	7645	0
184036	7665	0
172206	2314	1
183994	7626	1
184027	7657	1
184038	7667	1
183972	7605	0
171386	1736	0
172160	2295	0
183975	7608	1
184031	7661	0
184058	7684	0
184060	7686	1
184091	7714	0
171390	1740	0
172170	2296	1
184061	7687	0
184067	7693	0
184096	7718	0
171392	1742	0
172243	2336	0
184077	7702	0
184082	7706	0
184087	7710	0
184062	7688	1
184068	7694	1
184073	7699	0
184078	7703	1
184092	7715	1
171395	1743	0
184083	7707	0
184088	7711	0
184093	7716	0
184098	7719	1
184063	7689	1
184069	7695	1
184074	7700	0
184079	7704	0
184084	7708	0
184094	7717	1
184064	7690	1
184099	7720	0
172109	2291	0
183966	7599	0
184075	7701	1
184080	7705	1
184090	7713	0
184101	7722	1
183990	7622	1
171391	1741	0
172112	2292	1
172214	2318	1
184001	7632	1
184012	7642	0
184023	7653	1
184034	7664	0
184102	7723	0
275806	15212	0
183967	7600	1
183979	7612	1
183991	7623	0
184047	7674	0
172182	2303	1
172223	2324	0
184002	7633	1
171385	1735	0
172151	2294	0
172194	2308	0
183968	7601	0
184024	7654	1
184048	7675	1
172234	2329	1
171384	1734	1
183992	7624	1
171349	1711	0
171361	1721	0
184014	7644	1
184025	7655	0
183969	7602	0
183981	7613	1
183993	7625	0
184004	7634	0
184049	7676	0
171362	1722	0
184026	7656	0
171397	1744	0
184037	7666	0
171351	1713	0
183970	7603	0
183982	7614	0
184050	7677	0
171387	1737	1
171398	1745	0
184005	7635	1
184016	7646	1
171328	1698	1
171340	1705	1
171352	1714	0
171317	1692	0
171342	1707	0
171365	1723	0
171376	1730	0
171377	1731	1
171388	1738	0
171389	1739	1
171399	1746	1
183971	7604	1
183983	7615	1
183995	7627	0
184006	7636	0
184051	7678	0
171366	1724	1
184017	7647	0
184028	7658	0
183984	7616	0
183996	7628	1
184007	7637	1
184018	7648	0
184039	7668	0
184052	7679	0
184029	7659	1
184040	7669	1
171332	1702	0
183973	7606	1
183985	7617	1
184053	7680	1
184054	7681	0
171347	1709	0
171359	1719	0
183997	7629	0
184008	7638	0
183987	7619	0
183998	7630	0
184009	7639	1
184019	7649	1
184030	7660	1
184042	7670	1
184055	7682	0
184020	7650	0
184043	7671	0
184104	7724	0
184056	7683	1
183976	7609	1
183988	7620	0
184010	7640	1
184021	7651	1
184032	7662	1
183977	7610	1
184044	7672	1
183989	7621	0
184100	7721	1
184000	7631	0
184011	7641	0
184022	7652	1
184033	7663	1
184046	7673	1
184065	7691	1
184059	7685	1
184066	7692	0
184105	7725	1
184071	7697	1
275816	15217	1
184086	7709	0
273433	13213	1
184659	8236	1
186759	9732	0
186798	9768	0
268359	12143	0
186764	9736	0
186297	9661	0
186736	11069	0
188778	11440	1
188612	11304	1
179580	6790	1
187038	9968	0
187039	9969	0
188684	11363	1
188682	11361	1
188697	11374	1
186718	11055	1
188694	11371	0
188679	11358	1
188800	11458	0
186701	11044	1
186705	11047	1
177129	6597	1
176815	6363	0
177082	6568	0
177027	6531	1
176841	6382	1
188892	11546	0
187042	9972	0
179583	6792	1
177128	6596	1
187041	9971	0
176885	6417	1
179596	6799	1
179597	6800	0
176908	6435	1
188884	11538	0
177139	6606	1
176958	6475	0
187069	9994	0
187013	9949	1
186738	11071	1
186743	11075	1
176814	6362	1
177068	6561	1
187066	9991	0
186700	11043	0
176858	6398	0
176888	6419	0
179586	6793	0
188640	11326	1
186431	10930	1
186712	11051	0
176816	6364	1
188641	11327	1
186737	11070	1
186714	11053	0
177155	6618	1
176820	6367	0
177094	6577	1
177154	6617	1
179601	6804	1
188673	11354	0
188687	11366	0
187012	9948	1
187047	9976	0
177042	6544	1
179599	6802	1
177007	6517	0
188885	11539	1
177153	6616	0
176827	6371	1
177021	6525	0
177019	6523	1
176980	6492	0
177022	6526	1
179593	6797	1
186678	11028	1
177130	6598	1
186689	11035	0
176981	6493	0
187043	9973	0
187120	10036	0
176959	6476	1
186673	11023	0
187048	9977	0
186740	11073	1
176912	6439	1
176940	6464	0
188746	11420	0
177088	6572	1
177100	6580	0
186690	11036	0
188868	11522	0
186684	11032	0
176907	6434	1
177038	6540	1
187008	9947	1
187019	9953	0
179589	6794	1
179590	6795	1
177104	6584	1
177132	6599	1
179598	6801	1
176886	6418	0
186683	11031	0
186728	11063	0
176891	6421	1
186669	11019	0
188717	11392	1
176892	6422	0
176915	6441	0
176992	6503	0
177025	6529	1
188812	11469	0
188855	11510	0
177030	6533	1
188893	11547	0
176819	6366	0
177010	6519	0
177031	6534	0
176889	6420	0
177036	6538	0
177140	6607	1
176813	6361	1
187067	9992	0
187046	9975	0
188654	11338	0
177028	6532	0
188626	11316	0
176963	6479	1
177026	6530	0
176828	6372	1
176895	6424	0
186694	11039	0
188821	11477	0
187036	9966	0
177037	6539	0
176897	6426	1
176825	6369	1
177069	6562	1
176790	6344	1
177137	6604	1
187119	10035	0
187049	9978	0
177103	6583	0
187068	9993	1
179559	6779	0
176960	6477	1
177024	6528	1
176817	6365	0
187050	9979	0
177040	6542	1
187014	9950	1
177034	6537	1
176965	6481	1
177033	6536	1
177032	6535	1
177051	6550	0
179570	6785	1
177067	6560	1
187051	9980	0
176843	6383	0
177076	6565	0
176975	6488	0
177044	6545	1
188634	11320	1
177060	6557	1
177047	6548	0
176832	6376	1
177046	6547	1
176823	6368	0
177070	6563	1
176899	6428	1
177045	6546	1
177102	6582	0
176933	6457	0
176935	6459	1
186708	11049	0
176966	6482	1
188703	11380	0
188843	11499	0
188713	11388	0
188781	11442	1
176844	6384	0
176917	6442	0
177052	6551	1
176936	6460	0
177053	6552	0
176938	6462	0
176939	6463	1
188677	11357	0
187061	9987	0
176982	6494	0
176864	6404	0
176932	6456	0
177005	6515	0
188826	11482	0
177142	6609	0
176835	6379	0
176867	6406	0
188720	11395	0
177143	6610	1
176900	6429	0
177054	6553	0
176937	6461	1
176970	6485	1
188610	11302	0
188693	11370	1
176941	6465	1
186704	11046	1
188637	11323	0
188698	11375	0
186693	11038	0
188647	11332	0
176901	6430	1
188709	11385	0
186557	11010	0
176948	6470	1
177108	6587	1
188805	11462	0
188809	11466	0
188877	11531	0
188878	11532	1
188879	11533	0
188875	11529	1
176944	6467	1
187057	9984	0
179603	6806	1
188788	11448	1
177072	6564	1
188734	11409	0
177170	6624	1
188797	11456	1
188863	11517	0
187054	9981	0
177008	6518	0
187018	9952	1
176976	6489	1
179617	6807	0
176902	6431	1
177056	6554	1
177091	6574	1
188852	11507	0
188681	11360	0
176969	6484	1
176947	6469	1
176977	6490	0
176978	6491	0
176998	6508	1
186698	11042	0
188704	11381	1
177165	6622	1
188701	11378	0
177090	6573	1
176919	6443	0
177006	6516	0
177093	6576	0
176983	6495	1
177004	6514	0
177092	6575	0
188765	11428	1
188802	11460	0
176905	6433	1
176999	6509	0
188605	11297	0
187064	9989	0
188856	11511	0
186713	11052	0
176845	6385	1
176846	6386	1
188867	11521	0
176847	6387	0
177015	6521	1
188743	11417	0
176848	6388	1
177123	6594	0
186432	10931	0
188649	11334	0
188839	11495	0
187072	9995	0
176747	6335	1
187020	9954	0
188731	11406	1
176765	6339	0
176866	6405	0
188810	11467	0
176807	6357	0
176837	6381	1
179573	6787	0
177064	6558	0
186742	11074	0
188732	11407	0
176993	6504	1
177039	6541	1
186734	11068	1
188881	11535	0
176851	6391	1
176990	6501	0
187063	9988	0
179572	6786	1
187075	9997	0
187118	10034	0
187058	9985	0
176849	6389	0
188894	11548	0
176857	6397	1
176989	6500	0
188620	11312	0
188882	11536	1
176991	6502	0
188642	11328	0
188836	11492	0
176855	6395	1
188715	11390	1
176994	6505	0
176854	6394	1
176852	6392	0
176853	6393	1
188712	11387	1
176929	6453	0
176859	6399	1
187065	9990	0
188833	11489	0
188623	11314	0
176927	6451	0
176928	6452	0
176856	6396	0
188859	11513	0
177146	6612	1
186667	11018	0
177147	6613	1
179622	6809	0
188796	11455	0
176930	6454	1
176861	6401	1
177119	6591	1
186662	11013	0
188849	11504	0
188655	11339	1
188838	11494	1
176795	6347	0
188676	11356	1
176863	6403	1
188738	11412	0
177099	6579	0
177141	6608	0
188644	11330	0
188636	11322	0
188774	11436	1
188621	11313	0
188604	11296	0
188710	11386	1
188777	11439	0
188652	11337	1
188829	11485	0
188745	11419	0
188828	11484	0
188814	11471	0
188792	11452	0
188716	11391	1
186725	11060	0
187016	9951	1
176803	6353	0
188834	11490	0
186679	11029	0
188787	11447	1
176945	6468	0
188614	11306	0
188672	11353	0
188696	11373	0
188766	11429	0
188897	11550	1
179595	6798	1
177120	6592	1
188739	11413	0
179581	6791	1
188680	11359	1
177106	6585	1
179575	6788	1
179564	6782	1
186627	11012	0
176763	6338	0
188895	11549	1
188690	11367	1
188798	11457	1
186665	11016	0
176773	6340	1
176811	6360	0
176878	6411	0
176804	6354	0
188725	11400	1
186726	11061	0
188880	11534	0
188837	11493	0
188752	11425	1
188613	11305	1
188858	11512	1
188851	11506	1
176791	6345	0
179619	6808	0
177114	6588	1
188815	11472	0
176873	6407	1
176986	6497	0
188769	11432	1
188775	11437	1
179566	6783	1
188854	11509	1
176877	6410	1
188747	11421	0
188627	11317	0
188789	11449	0
188898	11551	1
177001	6511	1
177003	6513	1
177011	6520	0
177002	6512	0
188813	11470	0
176964	6480	1
176997	6507	1
188692	11369	1
188750	11423	0
176987	6498	1
188794	11454	0
187126	10040	0
188671	11352	0
188791	11451	0
188657	11341	1
176831	6375	0
177066	6559	1
177083	6569	0
188835	11491	1
176953	6471	1
188741	11415	1
176786	6343	0
177149	6614	1
188667	11348	0
177121	6593	0
188779	11441	0
176876	6409	1
188714	11389	0
188726	11401	0
176779	6341	1
179591	6796	0
176784	6342	1
176808	6358	0
187034	9964	0
188790	11450	1
188767	11430	1
177150	6615	1
176911	6438	0
188721	11396	0
188842	11498	0
188748	11422	0
188793	11453	1
177136	6603	0
188783	11444	0
188772	11435	0
188656	11340	0
188742	11416	1
177125	6595	0
186686	11033	0
186727	11062	0
176879	6412	1
188776	11438	1
187044	9974	0
177023	6527	0
176754	6336	0
176881	6414	1
176984	6496	0
187122	10037	0
188860	11514	0
188695	11372	0
176931	6455	0
177080	6567	1
188768	11431	1
176880	6413	1
188619	11311	1
188737	11411	0
186695	11040	0
188840	11496	0
188670	11351	0
188883	11537	0
188832	11488	1
188889	11543	1
187073	9996	1
176830	6374	0
187037	9967	0
176801	6351	0
187040	9970	0
188764	11427	0
188853	11508	0
176810	6359	0
188806	11463	0
177135	6602	1
176957	6474	1
176805	6355	1
177138	6605	1
188811	11468	0
188816	11473	1
188632	11319	0
186733	11067	0
188861	11515	0
186430	10929	1
188699	11376	1
176954	6472	1
188609	11301	1
187032	9963	1
275471	14941	1
275474	14944	0
275466	14936	0
275472	14942	0
275470	14940	0
236147	11667	0
275175	14674	0
236137	11658	1
273497	13267	1
184590	8171	1
184602	8183	0
184566	8147	0
184582	8163	0
184581	8162	1
184587	8168	1
184592	8173	0
184603	8184	0
274719	14279	0
274711	14271	1
274640	14207	1
174677	4984	0
174285	4614	0
174355	4683	1
174168	4514	1
174666	4973	0
174186	4528	0
174273	4603	0
174219	4557	0
174320	4648	0
274048	13741	0
174502	4825	1
274479	14062	1
274482	14064	1
174123	4473	1
174171	4517	0
274342	13957	1
174235	4570	0
274324	13943	1
174190	4532	0
274371	13981	1
174420	4748	1
175109	5386	0
274052	13744	1
174220	4558	0
174265	4595	0
174228	4565	1
174111	4463	0
174465	4791	1
174225	4563	1
174207	4548	1
274344	13959	1
174180	4522	0
274471	14055	0
174608	4917	1
174664	4971	1
175123	5399	0
174374	4702	1
274325	13944	1
174469	4795	0
174652	4959	1
174129	4479	0
174332	4660	0
174287	4616	0
174363	4691	0
174482	4806	1
174185	4527	1
174215	4554	0
174452	4778	1
174531	4854	1
174152	4501	1
186219	9594	0
182651	7451	0
182694	7492	1
182766	7556	0
186176	9555	0
186211	9587	0
186207	9583	1
182744	7537	0
182734	7529	0
182698	7496	1
186172	9551	1
182749	7542	1
182692	7490	1
186173	9552	0
186274	9642	0
182791	7580	1
182777	7566	0
182733	7528	0
186174	9553	1
186171	9550	1
182793	7581	0
186206	9582	1
188572	11264	1
188578	11270	0
188378	11082	1
188380	11083	1
188373	11078	0
188375	11080	1
188383	11085	1
188374	11079	1
188376	11081	0
188498	11193	1
188541	11236	1
188490	11185	1
188511	11206	0
188561	11255	1
188573	11265	1
188579	11271	1
188568	11261	1
188594	11286	1
188586	11278	1
188600	11292	1
188575	11267	1
188564	11258	1
188602	11294	1
188553	11248	1
188592	11284	1
188474	11169	1
188574	11266	1
188499	11194	1
188538	11233	1
188571	11263	1
188552	11247	1
188540	11235	1
188539	11234	0
188580	11272	1
188581	11273	1
188582	11274	1
188576	11268	1
188520	11215	1
188598	11290	1
188587	11279	1
188583	11275	1
188559	11253	1
188510	11205	1
188554	11249	1
188593	11285	1
188522	11217	0
188556	11251	0
188588	11280	1
188589	11281	0
188599	11291	0
188596	11288	1
188472	11168	0
188532	11227	1
188547	11242	1
188483	11178	1
188544	11239	0
188397	11097	0
188407	11107	1
188418	11117	0
188428	11127	0
188438	11137	1
188449	11146	1
188459	11156	0
188398	11098	0
188408	11108	0
188419	11118	1
188429	11128	0
188439	11138	0
188450	11147	0
188460	11157	1
188387	11087	1
188399	11099	0
188409	11109	1
188420	11119	1
188528	11223	1
188430	11129	0
188451	11148	0
188543	11238	0
188509	11204	1
188462	11158	1
188388	11088	0
188400	11100	1
188410	11110	1
188421	11120	1
188431	11130	1
188441	11139	1
188463	11159	1
188389	11089	1
188401	11101	1
188411	11111	0
188422	11121	1
188432	11131	1
188442	11140	1
188452	11149	0
188390	11090	1
188402	11102	0
188412	11112	0
188423	11122	1
188562	11256	1
188433	11132	0
188443	11141	0
188453	11150	1
188391	11091	1
188403	11103	1
188413	11113	0
188464	11160	1
188424	11123	1
188434	11133	0
188444	11142	0
188454	11151	1
188392	11092	0
188404	11104	1
188385	11086	1
188488	11183	1
188414	11114	1
188425	11124	1
188435	11134	0
188445	11143	1
188455	11152	0
188595	11287	1
188465	11161	0
188393	11093	1
188415	11115	1
188426	11125	1
188555	11250	1
188577	11269	1
188590	11282	1
188446	11144	1
188456	11153	0
188466	11162	0
188394	11094	0
188470	11166	1
188405	11105	0
188489	11184	0
188530	11225	0
188427	11126	1
188436	11135	0
188447	11145	0
188457	11154	1
188601	11293	1
188493	11188	1
188479	11174	0
188565	11259	1
188567	11260	1
188395	11095	0
188406	11106	0
188551	11246	0
188417	11116	1
188570	11262	0
188500	11195	1
188477	11172	0
188531	11226	0
188437	11136	0
188458	11155	0
188521	11216	0
188467	11163	0
188478	11173	0
188529	11224	0
188585	11277	0
188396	11096	0
188584	11276	0
188558	11252	1
188560	11254	1
188591	11283	0
188597	11289	0
188482	11177	1
188563	11257	1
188469	11165	1
188485	11180	1
188484	11179	1
188548	11243	0
188504	11199	0
188549	11244	0
188550	11245	0
172018	2256	0
171629	1928	0
171869	2137	1
171471	1796	0
171912	2176	1
171736	2008	0
172006	2249	1
171485	1808	1
171491	1814	0
171953	2211	0
172073	2288	0
171665	1957	1
171621	1921	0
171922	2184	1
171830	2098	1
171818	2086	1
171835	2103	1
171822	2090	1
171418	1757	1
171710	1985	0
171594	1899	1
171606	1909	0
171806	2074	1
171832	2100	1
171617	1917	1
171712	1987	0
171847	2115	1
171924	2186	1
172053	2275	1
171789	2059	1
171490	1813	1
171433	1767	0
171853	2121	1
171437	1770	1
171724	1997	0
171430	1765	0
171687	1975	1
171407	1748	1
171414	1753	0
171604	1908	1
171959	2217	1
171834	2102	1
171446	1777	0
171442	1775	0
171466	1793	1
171479	1803	1
171435	1768	0
171427	1763	0
171473	1798	1
171413	1752	1
171482	1806	0
171459	1787	1
171483	1807	1
171481	1805	0
171441	1774	0
171493	1816	1
171426	1762	0
171560	1872	0
171498	1821	1
171499	1822	1
171548	1862	0
171514	1837	1
171562	1874	1
171551	1864	1
171563	1875	1
171540	1856	1
171519	1841	1
171543	1858	1
171520	1842	1
171559	1871	1
171677	1965	1
171556	1868	1
171654	1947	1
171596	1901	0
171667	1959	1
171597	1902	1
171633	1931	0
171673	1963	0
171810	2078	1
171662	1954	1
171603	1907	1
274450	14041	0
274427	14023	1
274448	14039	0
274280	13917	1
274387	13992	1
274442	14036	1
275798	15206	1
275821	15220	0
274452	14043	0
274420	14019	1
171701	1977	0
171726	1998	1
172255	2343	1
273885	13597	1
171877	2145	1
171809	2077	1
172222	2323	0
273889	13601	1
273902	13613	0
274132	13810	0
171858	2126	0
171838	2106	1
171978	2235	0
171956	2214	0
172147	2293	0
275661	15102	0
172020	2258	0
172056	2278	1
172009	2252	0
172010	2253	1
171987	2242	1
172241	2334	1
185756	9188	0
185674	9129	0
185739	9177	0
185750	9185	0
185762	9193	0
185766	9194	0
185768	9196	0
185696	9145	0
185742	9179	0
185734	9174	1
185718	9161	1
185688	9140	0
185721	9163	0
185725	9166	1
185731	9171	0
185757	9189	0
185751	9186	1
185794	9212	0
185743	9180	0
185755	9187	1
185786	9206	0
185779	9202	0
185682	9135	1
185703	9152	0
185709	9157	1
185745	9182	0
185737	9176	0
185767	9195	0
185770	9198	0
185771	9199	0
185819	9235	0
185657	9113	0
185655	9111	0
185704	9153	0
185668	9123	0
185685	9137	0
185705	9154	0
185747	9184	1
185792	9211	0
185790	9209	0
185821	9236	1
185812	9229	0
185830	9245	0
185796	9214	0
185801	9219	0
185808	9225	1
185797	9215	1
185803	9221	1
185809	9226	0
185813	9230	1
185825	9240	0
185827	9242	1
185667	9122	1
185693	9143	0
185712	9159	1
185804	9222	1
185711	9158	0
185719	9162	0
185714	9160	0
185733	9173	0
185722	9164	0
185727	9168	0
185726	9167	0
185659	9115	0
185807	9224	0
185810	9227	0
185699	9148	0
185823	9238	0
185826	9241	1
185828	9243	0
185829	9244	0
185831	9246	0
185832	9247	0
185805	9223	0
185824	9239	0
185665	9120	1
185761	9192	0
185799	9217	0
185814	9231	0
185800	9218	0
185818	9234	0
185817	9233	0
185802	9220	0
185815	9232	0
185822	9237	1
185647	9103	1
185650	9106	1
185651	9107	1
185654	9110	1
185652	9108	0
185746	9183	0
185732	9172	0
185741	9178	0
185658	9114	1
185692	9142	1
185700	9149	0
185736	9175	0
185774	9200	0
185760	9191	1
185759	9190	1
185769	9197	0
185791	9210	1
185781	9203	0
185782	9204	0
185798	9216	0
185795	9213	0
185788	9208	1
185811	9228	0
185783	9205	0
185664	9119	1
185661	9117	0
185724	9165	0
185681	9134	0
185694	9144	0
185698	9147	0
185701	9150	0
185706	9155	0
185686	9138	1
185648	9104	0
185645	9102	1
185649	9105	1
185669	9124	1
185673	9128	0
185702	9151	0
185707	9156	0
185660	9116	1
185675	9130	1
185728	9169	0
185730	9170	0
185653	9109	0
185656	9112	0
185670	9125	1
185691	9141	0
185662	9118	1
185666	9121	1
185672	9127	1
185678	9131	0
185671	9126	1
185679	9132	0
185680	9133	0
185697	9146	1
185687	9139	1
185683	9136	1
185744	9181	0
185778	9201	1
185787	9207	0
172854	2841	0
172865	2852	0
172938	2919	0
172958	2938	1
172893	2878	0
172875	2861	0
172975	2953	0
186528	10989	1
187348	10233	1
186505	10970	1
187366	10247	0
187355	10237	1
172432	2478	1
172524	2555	1
172553	2577	1
187313	10206	0
172570	2592	0
172367	2349	1
172370	2422	1
172613	2630	1
187329	10218	0
172626	2641	0
172369	2347	1
173042	3012	1
173252	3199	0
173146	3099	0
173163	3115	0
173050	3020	1
173073	3041	1
173123	3081	0
173118	3077	0
173185	3135	1
173181	3132	0
275557	15009	1
268581	12282	1
187406	10261	1
173290	3235	1
173313	3256	0
173281	3228	0
173315	3258	0
187409	10264	1
173264	3211	0
187413	10268	1
187418	10272	0
173278	3225	1
187408	10263	1
173284	3229	0
173294	3239	1
173298	3243	0
275560	15012	1
268592	12293	0
175223	3415	1
175179	3372	0
175164	3359	0
175165	3360	0
175308	3495	0
173403	3342	0
175167	3362	1
175184	3376	1
268599	12299	1
173368	3307	0
173344	3285	0
175210	3402	1
175248	3440	1
173370	3309	1
173404	3343	1
173384	3323	0
173323	3265	0
173398	3337	0
173361	3301	1
175166	3361	1
187110	10029	0
187088	10008	1
273557	13311	0
273577	13330	0
186419	10918	0
187090	10010	1
187093	10013	1
273574	13327	1
186422	10921	0
187129	10042	0
273576	13329	1
182389	7215	0
179428	6681	0
182391	7216	0
182359	7196	0
182360	7197	0
182309	7155	1
182246	7105	0
182361	7198	0
182392	7217	0
182365	7201	0
182311	7157	1
182247	7106	0
182248	7107	0
182312	7158	1
182362	7199	0
182300	7146	0
182313	7159	1
182364	7200	0
182314	7160	1
182253	7111	0
182315	7161	1
182252	7110	0
182316	7162	1
182318	7163	1
182366	7202	1
179523	6754	0
182367	7203	0
182254	7112	0
182412	7233	1
182319	7164	1
182320	7165	0
182393	7218	0
182414	7234	1
182321	7166	1
182325	7170	1
182369	7205	0
179444	6694	0
182257	7113	0
182258	7114	0
182259	7115	0
182244	7104	0
182415	7235	1
182371	7206	1
182417	7237	1
182262	7117	0
182267	7122	0
182330	7173	1
182374	7207	0
182331	7174	1
179473	6717	0
182339	7180	1
182340	7181	1
182234	7096	0
182281	7132	0
182305	7151	0
182345	7183	1
182346	7184	1
179459	6708	0
179464	6712	1
179437	6687	1
182285	7135	0
182411	7232	0
182297	7143	0
182298	7144	0
182354	7192	1
182352	7190	1
182353	7191	1
179478	6720	1
182386	7213	0
182301	7147	0
179519	6751	0
179510	6744	1
275842	15234	0
179503	6738	0
179475	6719	1
179474	6718	0
179524	6755	0
179533	6764	0
179541	6769	0
179525	6756	0
179542	6770	1
179505	6740	0
179526	6757	1
179535	6765	1
179481	6721	1
179513	6746	0
179520	6752	0
179527	6758	1
179521	6753	1
182235	7097	0
179490	6726	1
182306	7152	1
179425	6678	0
182282	7133	0
179455	6704	0
182238	7100	0
179540	6768	1
275841	15233	1
185038	8569	1
275677	15118	0
185092	8619	1
185028	8560	1
185039	8570	0
185040	8571	0
185072	8599	1
275852	15238	1
185157	8677	0
185042	8573	0
185063	8591	1
185074	8601	1
185085	8612	1
185096	8623	1
185189	8706	0
185098	8625	1
185193	8709	1
185383	8871	0
275863	15244	1
185384	8872	0
185277	8785	1
274766	14317	0
185415	8898	0
185278	8786	1
185425	8907	0
185375	8863	0
185418	8901	0
185258	8766	0
185299	8804	1
185322	8825	1
185334	8836	0
185295	8800	0
274730	14289	0
185289	8795	1
185300	8805	0
185353	8853	0
185423	8905	0
185412	8895	0
185312	8816	1
185326	8829	1
185240	8749	0
185210	8722	1
185405	8888	0
185263	8771	0
185138	8660	1
185232	8741	0
185413	8896	0
185253	8762	0
185273	8781	0
185119	8642	0
185439	8921	0
274757	14308	1
274769	14320	1
185377	8865	0
185159	8679	0
185324	8827	1
185238	8747	1
185315	8819	1
185379	8867	0
185441	8923	0
274867	14412	0
185058	8586	1
274738	14295	1
185378	8866	0
185327	8830	1
185414	8897	1
185420	8903	1
185338	8840	1
185110	8634	1
185316	8820	0
274699	14260	0
274763	14314	0
275593	15038	0
275594	15039	0
275632	15077	0
275653	15094	1
274702	14263	0
274746	14302	1
275595	15040	0
275679	15120	1
274708	14269	1
275606	15051	0
185118	8641	0
185284	8791	0
185407	8890	0
185328	8831	1
185349	8849	0
185304	8809	0
185348	8848	0
185357	8856	0
184899	8441	0
184906	8447	0
184915	8455	0
184901	8442	0
187484	10333	0
274894	14433	0
184917	8457	0
184828	8375	1
184802	8356	1
184794	8350	1
273761	13500	1
187463	10316	0
184796	8352	0
184820	8369	0
184823	8372	0
273811	13545	0
273602	13352	1
184798	8354	1
187475	10324	1
187474	10323	0
273600	13350	1
273752	13492	1
184797	8353	1
184836	8381	0
273757	13497	0
187470	10320	1
273794	13529	0
273638	13383	0
184819	8368	1
275768	15186	0
275774	15191	1
275765	15183	0
275770	15188	0
275769	15187	1
187473	10322	0
184795	8351	0
184804	8357	1
184826	8374	0
186894	9851	0
186947	9890	0
186912	9863	0
186918	9866	0
186943	9887	0
179879	7040	1
179397	6652	0
179924	7081	1
179729	6906	1
179821	6987	0
187427	10281	1
179736	6911	1
179925	7082	0
179415	6670	0
187435	10289	1
179382	6638	1
179703	6883	0
179406	6661	1
274014	13711	1
179414	6669	1
179405	6660	0
179795	6962	1
272845	12717	1
179777	6946	0
179637	6824	0
179719	6898	1
179721	6900	1
179936	7091	1
179391	6646	1
274122	13803	1
179938	7093	1
179917	7075	1
274038	13734	1
179803	6970	0
274674	14239	0
179626	6813	1
179921	7079	0
179732	6907	1
268448	12206	0
268487	12227	1
268427	12195	1
268457	12210	1
268460	12211	1
268576	12279	1
268575	12278	1
268546	12264	0
268545	12263	0
268561	12271	1
268453	12208	0
268418	12190	0
268447	12205	0
268520	12246	1
268503	12238	0
268547	12265	1
268467	12217	1
268445	12204	0
268573	12277	0
268478	12222	1
268456	12209	1
268388	12168	0
268477	12221	1
268543	12261	0
268553	12269	1
268465	12215	1
268399	12176	1
268403	12179	0
268542	12260	1
268391	12171	1
268384	12167	1
268569	12275	0
268389	12169	0
268476	12220	1
268538	12257	1
268540	12258	1
268562	12272	1
268571	12276	1
268544	12262	1
268537	12256	1
268498	12234	0
268552	12268	0
268548	12266	0
268550	12267	1
268506	12240	0
268507	12241	0
268491	12230	1
268409	12182	1
268493	12231	1
268485	12226	0
268529	12251	0
268462	12213	1
268541	12259	1
268502	12237	1
268497	12233	0
268500	12235	1
268408	12181	1
268557	12270	1
268535	12255	1
268400	12177	1
268414	12186	0
268531	12253	1
268429	12197	0
268416	12188	0
268413	12185	1
268450	12207	1
268411	12184	1
268390	12170	1
268475	12219	0
268397	12175	1
268415	12187	1
268461	12212	0
275741	15164	1
275694	15127	0
275692	15126	0
185872	9282	1
185903	9308	0
185882	9291	0
185915	9320	1
185860	9273	0
185923	9326	0
185846	9260	0
185895	9301	0
185850	9263	1
185851	9264	0
185841	9255	1
185962	9358	0
185999	9385	0
186005	9390	1
268769	12438	0
268782	12447	1
